1.
Jobs (time(index)):
[12(1), 12(2), 12(3), 12(4), 12(5), 12(6), 12(7), 12(8), 12(9), 12(10), 12(11), 4(12), 4(13), 4(14), 23(15), 23(16), 23(17), 23(18), 23(19), 23(20), 6(21)]
Number of machines: 2
K number (allowed number of jobs on machine, except #1): 10

2.
Jobs (time(index)):
[3(1), 3(2), 3(3), 3(4), 2(5), 2(6), 2(7), 2(8), 2(9), 2(10), 2(11), 2(12), 2(13), 2(14), 2(15), 2(16), 2(17), 2(18), 2(19), 2(20), 2(21), 2(22), 2(23), 2(24), 2(25), 2(26), 2(27), 2(28), 2(29), 2(30), 2(31), 2(32), 2(33), 2(34), 2(35), 2(36), 2(37), 2(38), 2(39), 2(40), 2(41), 2(42), 2(43), 2(44), 80(45)]
Number of machines: 2
K number (allowed number of jobs on machine, except #1): 10

3.
Jobs (time(index)):
[12(1), 10(2), 10(3), 8(4), 8(5), 6(6), 6(7), 6(8)]
Number of machines: 3
K number (allowed number of jobs on machine, except #1): 3

4.
Jobs (time(index)):
[14(1), 14(2), 12(3), 12(4), 10(5), 10(6), 8(7)]
Number of machines: 3
K number (allowed number of jobs on machine, except #1): 10

5.
Jobs (time(index)):
[8(1), 8(2), 6(3), 6(4), 6(5), 5(6), 5(7), 5(8), 5(9)]
Number of machines: 3
K number (allowed number of jobs on machine, except #1): 10

6.
Jobs (time(index)):
[20(1), 18(2), 16(3), 14(4), 12(5), 12(6), 10(7)]
Number of machines: 3
K number (allowed number of jobs on machine, except #1): 10

7.
Jobs (time(index)):
[4(1), 4(2), 4(3), 5(4), 5(5), 5(6), 6(7), 6(8), 6(9), 7(10), 7(11), 7(12), 8(13), 8(14), 8(15), 9(16), 9(17), 9(18), 13(19), 13(20), 13(21), 13(22), 13(23), 13(24), 13(25), 13(26), 8(27), 8(28), 8(29), 8(30), 8(31), 8(32)]
Number of machines: 3
K number (allowed number of jobs on machine, except #1): 10

8.
Jobs (time(index)):
[3(1), 3(2), 3(3), 3(4), 3(5), 3(6), 3(7), 3(8), 4(9), 4(10), 4(11), 4(12), 4(13), 4(14)]
Number of machines: 4
K number (allowed number of jobs on machine, except #1): 10

9.
Jobs (time(index)):
[14(1), 14(2), 12(3), 12(4), 10(5), 10(6), 8(7), 8(8), 8(9)]
Number of machines: 4
K number (allowed number of jobs on machine, except #1): 10

10.
Jobs (time(index)):
[6(1), 6(2), 6(3), 6(4), 6(5), 6(6), 6(7), 6(8), 6(9), 6(10), 5(11), 5(12), 5(13), 5(14), 5(15), 12(16), 12(17), 12(18), 10(19), 11(20)]
Number of machines: 4
K number (allowed number of jobs on machine, except #1): 10

11.
Jobs (time(index)):
[3(1), 3(2), 3(3), 3(4), 2(5), 2(6), 4(7), 4(8)]
Number of machines: 4
K number (allowed number of jobs on machine, except #1): 10

12.
Jobs (time(index)):
[21(1), 23(2), 25(3), 27(4), 29(5), 31(6), 33(7), 35(8), 37(9), 39(10), 41(11), 43(12), 45(13), 47(14), 49(15), 51(16), 53(17), 55(18), 57(19), 59(20), 61(21), 63(22), 65(23), 67(24), 69(25), 71(26), 73(27), 75(28), 77(29), 79(30), 81(31), 83(32), 85(33), 87(34), 89(35)]
Number of machines: 4
K number (allowed number of jobs on machine, except #1): 10

13.
Jobs (time(index)):
[6(1), 6(2), 6(3), 6(4), 6(5), 6(6), 6(7), 6(8), 6(9), 6(10), 5(11), 5(12), 5(13), 5(14), 5(15), 5(16), 5(17), 5(18), 5(19), 5(20), 5(21), 5(22), 10(23), 10(24), 10(25)]
Number of machines: 5
K number (allowed number of jobs on machine, except #1): 10

14.
Jobs (time(index)):
[12(1), 14(2), 16(3), 18(4), 12(5), 14(6), 16(7), 18(8), 10(9), 10(10), 10(11)]
Number of machines: 5
K number (allowed number of jobs on machine, except #1): 10

15.
Jobs (time(index)):
[8(1), 8(2), 8(3), 8(4), 6(5), 6(6), 6(7), 6(8), 6(9), 6(10), 5(11), 5(12), 5(13), 5(14), 5(15), 5(16), 5(17), 5(18)]
Number of machines: 6
K number (allowed number of jobs on machine, except #1): 10

16.
Jobs (time(index)):
[7(1), 7(2), 7(3), 7(4), 7(5), 7(6), 5(7), 5(8), 5(9), 5(10), 5(11), 5(12), 14(13), 14(14), 14(15), 14(16), 14(17), 10(18), 10(19), 10(20), 10(21), 10(22), 10(23), 10(24), 10(25), 20(26), 20(27), 20(28), 22(29), 22(30), 22(31), 22(32), 22(33), 22(34), 4(35), 4(36), 4(37), 4(38), 1(39), 1(40), 1(41), 1(42)]
Number of machines: 6
K number (allowed number of jobs on machine, except #1): 10

17.
Jobs (time(index)):
[3(1), 3(2), 3(3), 3(4), 3(5), 3(6), 3(7), 3(8), 3(9), 3(10), 3(11), 3(12), 3(13), 3(14), 3(15), 3(16), 3(17), 3(18), 3(19), 3(20), 3(21), 3(22), 3(23), 3(24), 3(25), 3(26), 3(27), 3(28), 3(29), 3(30), 2(31), 2(32), 2(33), 2(34), 2(35), 2(36), 2(37), 2(38), 2(39), 2(40), 4(41), 4(42), 4(43), 4(44), 4(45), 4(46), 4(47), 4(48), 4(49), 4(50), 6(51), 6(52), 6(53), 6(54), 6(55), 6(56), 6(57), 6(58), 6(59), 6(60)]
Number of machines: 6
K number (allowed number of jobs on machine, except #1): 10

18.
Jobs (time(index)):
[14(1), 16(2), 18(3), 20(4), 22(5), 14(6), 16(7), 18(8), 20(9), 22(10), 12(11), 12(12), 12(13)]
Number of machines: 6
K number (allowed number of jobs on machine, except #1): 10

19.
Jobs (time(index)):
[1(1), 4(2), 9(3), 16(4), 25(5), 36(6), 49(7), 64(8), 81(9), 100(10), 121(11), 144(12), 169(13), 196(14), 225(15), 256(16), 289(17), 324(18), 361(19), 400(20), 441(21), 484(22), 529(23), 576(24), 625(25)]
Number of machines: 6
K number (allowed number of jobs on machine, except #1): 3

20.
Jobs (time(index)):
[1(1), 4(2), 9(3), 16(4), 25(5), 36(6), 49(7), 64(8), 81(9), 100(10), 121(11), 144(12), 169(13), 196(14), 225(15), 256(16), 289(17), 324(18), 361(19), 400(20), 441(21), 484(22), 529(23), 576(24), 625(25)]
Number of machines: 6
K number (allowed number of jobs on machine, except #1): 7

21. 
Jobs (time(index)):
[26(1), 26(2), 24(3), 24(4), 22(5), 22(6), 20(7), 20(8), 18(9), 18(10), 16(11), 16(12), 14(13), 14(14), 14(15)]
Number of machines: 7
K number (allowed number of jobs on machine, except #1): 2

22.
Jobs (time(index)):
[234(1), 228(2), 222(3), 234(4), 228(5), 241(6), 253(7), 228(8), 252(9), 235(10), 260(11), 250(12), 234(13), 245(14), 226(15), 231(16), 227(17), 249(18), 235(19), 222(20), 228(21), 227(22), 228(23), 227(24), 225(25), 222(26), 255(27), 256(28), 246(29), 244(30), 230(31), 225(32), 223(33), 224(34), 236(35), 243(36), 239(37), 249(38), 242(39), 256(40), 251(41), 250(42), 229(43), 240(44), 242(45), 236(46), 247(47), 223(48), 253(49), 228(50), 258(51), 235(52), 255(53), 260(54), 227(55), 257(56), 260(57), 254(58), 244(59), 224(60), 238(61), 253(62), 228(63), 256(64), 245(65), 221(66), 233(67), 237(68), 237(69), 244(70), 234(71), 223(72), 236(73), 231(74), 257(75), 260(76), 237(77), 242(78), 232(79), 221(80), 241(81), 229(82), 228(83), 234(84), 228(85), 226(86), 238(87), 236(88), 229(89), 248(90), 242(91), 235(92), 257(93), 247(94), 233(95), 254(96), 225(97), 243(98), 229(99), 256(100), 233(101), 221(102), 223(103), 230(104), 257(105), 237(106), 225(107), 254(108), 251(109), 233(110), 236(111), 221(112), 259(113), 246(114), 247(115), 259(116), 250(117), 232(118), 247(119), 223(120), 245(121), 223(122), 238(123), 256(124), 239(125), 230(126), 233(127), 252(128), 257(129), 238(130), 224(131), 248(132), 228(133), 237(134), 221(135), 221(136), 235(137), 236(138), 247(139), 233(140), 225(141), 232(142), 224(143), 238(144), 240(145), 251(146), 229(147), 254(148), 254(149), 236(150), 240(151), 260(152), 247(153), 247(154), 234(155), 259(156), 235(157), 233(158), 226(159), 243(160), 238(161), 245(162), 244(163), 239(164), 254(165), 225(166), 259(167), 254(168), 244(169), 233(170), 230(171), 224(172), 237(173), 242(174), 260(175), 224(176), 257(177), 251(178), 229(179), 228(180), 226(181), 259(182), 231(183), 243(184), 230(185), 246(186), 245(187), 252(188), 241(189), 235(190), 225(191), 258(192), 259(193), 251(194), 254(195), 221(196), 223(197), 226(198), 231(199), 243(200), 245(201), 247(202), 259(203), 246(204), 254(205), 252(206), 248(207), 246(208), 239(209), 237(210), 237(211), 260(212), 248(213), 255(214), 244(215), 225(216), 221(217), 259(218), 238(219), 230(220), 231(221), 237(222), 247(223), 260(224), 231(225), 247(226), 231(227), 251(228), 258(229), 252(230), 254(231), 236(232), 247(233), 254(234), 224(235), 248(236), 239(237), 223(238), 248(239), 247(240), 251(241), 228(242), 227(243), 235(244), 247(245), 226(246), 257(247), 246(248), 222(249), 256(250), 253(251), 250(252), 246(253), 230(254), 236(255), 230(256), 246(257), 232(258), 245(259), 223(260), 247(261), 237(262), 242(263), 246(264), 237(265), 235(266), 234(267), 248(268), 231(269), 234(270), 233(271), 231(272), 231(273), 232(274), 256(275), 257(276), 226(277), 242(278), 251(279), 252(280), 227(281), 256(282), 260(283), 233(284), 227(285), 222(286), 260(287), 227(288), 227(289), 230(290), 242(291), 232(292), 230(293), 237(294), 252(295), 257(296), 234(297), 241(298), 234(299), 253(300), 251(301), 243(302), 254(303), 248(304), 232(305), 223(306), 256(307), 246(308), 260(309), 232(310), 225(311), 258(312), 241(313), 250(314), 239(315), 253(316), 234(317), 258(318), 257(319), 240(320), 232(321), 221(322), 233(323), 251(324), 231(325), 256(326), 222(327), 230(328), 230(329), 236(330), 228(331), 249(332), 252(333), 231(334), 256(335), 235(336), 224(337), 256(338), 228(339), 242(340), 239(341), 242(342), 226(343), 259(344), 224(345), 232(346), 235(347), 253(348), 231(349), 230(350), 228(351), 229(352), 243(353), 247(354), 244(355), 236(356), 255(357), 243(358), 233(359), 231(360), 223(361), 240(362), 244(363), 223(364), 257(365), 228(366), 245(367), 244(368), 256(369), 246(370), 229(371), 238(372), 240(373), 256(374), 233(375), 258(376), 226(377), 221(378), 253(379), 221(380), 232(381), 241(382), 243(383), 237(384), 225(385), 253(386), 238(387), 233(388), 229(389), 222(390), 243(391), 259(392), 229(393), 226(394), 229(395), 230(396), 250(397), 246(398), 250(399), 239(400), 244(401), 247(402), 234(403), 234(404), 260(405), 252(406), 232(407), 249(408), 227(409), 227(410), 232(411), 253(412), 226(413), 226(414), 230(415), 250(416), 223(417), 245(418), 259(419), 247(420), 229(421), 260(422), 232(423), 226(424), 229(425), 254(426), 235(427), 235(428), 237(429), 231(430), 252(431), 221(432), 233(433), 255(434), 222(435), 224(436), 245(437), 251(438), 228(439), 240(440), 260(441), 252(442), 238(443), 223(444), 225(445), 238(446), 221(447), 240(448), 247(449), 221(450), 251(451), 260(452), 244(453), 233(454), 246(455), 225(456), 240(457), 245(458), 223(459), 246(460), 223(461), 246(462), 253(463), 259(464), 249(465), 222(466), 237(467), 253(468), 246(469), 254(470), 259(471), 252(472), 229(473), 241(474), 245(475), 242(476), 251(477), 225(478), 254(479), 230(480), 223(481), 250(482), 259(483), 240(484), 257(485), 234(486), 254(487), 260(488), 224(489), 222(490), 227(491), 239(492), 225(493), 223(494), 248(495), 242(496), 245(497), 224(498), 260(499), 254(500), 239(501), 234(502), 224(503), 241(504), 233(505), 237(506), 232(507), 225(508), 259(509), 222(510), 234(511), 253(512), 241(513), 227(514), 242(515), 226(516), 232(517), 249(518), 259(519), 222(520), 250(521), 256(522), 230(523), 244(524), 259(525), 232(526), 247(527), 254(528), 226(529), 230(530), 222(531), 240(532), 228(533), 238(534), 239(535), 231(536), 222(537), 233(538), 242(539), 227(540), 260(541), 247(542), 229(543), 235(544), 237(545), 224(546), 231(547), 250(548), 246(549), 233(550), 245(551), 252(552), 243(553), 243(554), 254(555), 225(556), 241(557), 249(558), 239(559), 245(560), 253(561), 242(562), 238(563), 239(564), 224(565), 235(566), 226(567), 224(568), 260(569), 243(570), 234(571), 241(572), 229(573), 247(574), 242(575), 230(576), 242(577), 252(578), 230(579), 246(580), 259(581), 239(582), 237(583), 233(584), 257(585), 231(586), 239(587), 236(588), 235(589), 253(590), 250(591), 253(592), 257(593), 235(594), 245(595), 225(596), 237(597), 223(598), 231(599), 249(600), 223(601), 223(602), 247(603), 228(604), 232(605), 223(606), 252(607), 225(608), 256(609), 254(610), 237(611), 252(612), 239(613), 235(614), 222(615), 225(616), 221(617), 237(618), 221(619), 253(620), 251(621), 246(622), 229(623), 233(624), 236(625), 259(626), 242(627), 244(628), 260(629), 232(630), 251(631), 259(632), 242(633), 255(634), 238(635), 228(636), 247(637), 245(638), 247(639), 225(640), 234(641), 236(642), 231(643), 246(644), 242(645), 232(646), 252(647), 245(648), 244(649), 230(650), 221(651), 235(652), 255(653), 222(654), 241(655), 239(656), 228(657), 221(658), 237(659), 224(660), 226(661), 232(662), 247(663), 223(664), 252(665), 244(666), 238(667), 230(668), 252(669), 241(670), 260(671), 255(672), 259(673), 226(674), 227(675), 248(676), 254(677), 237(678), 240(679), 227(680), 257(681), 241(682), 234(683), 259(684), 246(685), 238(686), 226(687), 230(688), 231(689), 226(690), 255(691), 238(692), 228(693), 239(694), 229(695), 232(696), 250(697), 251(698), 248(699), 228(700), 255(701), 241(702), 251(703), 254(704), 237(705), 248(706), 249(707), 245(708), 242(709), 232(710), 230(711), 245(712), 256(713), 259(714), 258(715), 238(716), 233(717), 257(718), 226(719), 257(720), 230(721), 249(722), 242(723), 247(724), 240(725), 243(726), 225(727), 240(728), 258(729), 254(730), 242(731), 237(732), 252(733), 241(734), 244(735), 246(736), 252(737), 253(738), 256(739), 225(740), 234(741), 222(742), 253(743), 241(744), 251(745), 256(746), 232(747), 252(748), 245(749), 222(750), 236(751), 249(752), 252(753), 246(754), 259(755), 251(756), 224(757), 223(758), 257(759), 239(760), 251(761), 246(762), 234(763), 225(764), 256(765), 252(766), 260(767), 250(768), 230(769), 256(770), 251(771), 231(772), 222(773), 232(774), 244(775), 253(776), 254(777), 228(778), 238(779), 221(780), 236(781), 228(782), 224(783), 227(784), 235(785), 258(786), 222(787), 227(788), 249(789), 228(790), 225(791), 227(792), 234(793), 221(794), 254(795), 224(796), 227(797), 255(798), 246(799), 224(800), 255(801), 239(802), 236(803), 252(804), 251(805), 257(806), 239(807), 243(808), 232(809), 226(810), 254(811), 254(812), 253(813), 251(814), 252(815), 248(816), 256(817), 232(818), 232(819), 235(820), 234(821), 234(822), 255(823), 235(824), 260(825), 253(826), 236(827), 249(828), 237(829), 258(830), 258(831), 237(832), 245(833), 230(834), 243(835), 230(836), 242(837), 230(838), 235(839), 246(840), 241(841), 221(842), 225(843), 230(844), 232(845), 247(846), 254(847), 232(848), 252(849), 260(850), 243(851), 234(852), 234(853), 230(854), 251(855), 222(856), 260(857), 253(858), 254(859), 257(860), 222(861), 227(862), 258(863), 223(864), 229(865), 233(866), 222(867), 254(868), 251(869), 256(870), 234(871), 259(872), 253(873), 250(874), 230(875), 224(876), 221(877), 249(878), 248(879), 249(880), 224(881), 223(882), 241(883), 230(884), 256(885), 245(886), 236(887), 221(888), 246(889), 235(890)]
Number of machines: 30
K number (allowed number of jobs on machine, except #1): 30
